Coordinates:  (0.000000 , 0.000000)  (1.000000 , 0.000000)  (1.000000 , 1.000000)  Lengths:  (1.000000 , 1.000000)  (1.000000 , 1.000000)  (1.414214 , 1.414214)  Permieter: 3.414214 Area: 0.500000 numDots: 0
Coordinates:  (0.000000 , 0.000000)  (2.000000 , 1.000000)  (1.000000 , 2.000000)  Lengths:  (2.236068 , 2.236068)  (1.414214 , 1.414214)  (2.236068 , 2.236068)  Permieter: 5.886350 Area: 1.500000 numDots: 1
Coordinates:  (0.000000 , 0.000000)  (2.000000 , 1.000000)  (1.000000 , 3.000000)  Lengths:  (2.236068 , 2.236068)  (2.236068 , 2.236068)  (3.162278 , 3.162278)  Permieter: 7.634414 Area: 2.500000 numDots: 2
Coordinates:  (0.000000 , 0.000000)  (3.000000 , 1.000000)  (2.000000 , 3.000000)  Lengths:  (3.162278 , 3.162278)  (2.236068 , 2.236068)  (3.605551 , 3.605551)  Permieter: 9.003897 Area: 3.500000 numDots: 3
Coordinates:  (0.000000 , 0.000000)  (3.000000 , 2.000000)  (1.000000 , 4.000000)  Lengths:  (3.605551 , 3.605551)  (2.828427 , 2.828427)  (4.123106 , 4.123106)  Permieter: 10.557084 Area: 5.000000 numDots: 4
Coordinates:  (0.000000 , 0.000000)  (3.000000 , 1.000000)  (1.000000 , 4.000000)  Lengths:  (3.162278 , 3.162278)  (3.605551 , 3.605551)  (4.123106 , 4.123106)  Permieter: 10.890935 Area: 5.500000 numDots: 5
Coordinates:  (0.000000 , 0.000000)  (4.000000 , 1.000000)  (2.000000 , 4.000000)  Lengths:  (4.123106 , 4.123106)  (3.605551 , 3.605551)  (4.472136 , 4.472136)  Permieter: 12.200793 Area: 7.000000 numDots: 6
Coordinates:  (0.000000 , 0.000000)  (4.000000 , 2.000000)  (2.000000 , 5.000000)  Lengths:  (4.472136 , 4.472136)  (3.605551 , 3.605551)  (5.385165 , 5.385165)  Permieter: 13.462852 Area: 8.000000 numDots: 7
Coordinates:  (0.000000 , 0.000000)  (4.000000 , 3.000000)  (1.000000 , 5.000000)  Lengths:  (5.000000 , 5.000000)  (3.605551 , 3.605551)  (5.099020 , 5.099020)  Permieter: 13.704571 Area: 8.500000 numDots: 8
Coordinates:  (0.000000 , 0.000000)  (5.000000 , 1.000000)  (1.000000 , 4.000000)  Lengths:  (5.099020 , 5.099020)  (5.000000 , 5.000000)  (4.123106 , 4.123106)  Permieter: 14.222125 Area: 9.500000 numDots: 9
Coordinates:  (0.000000 , 0.000000)  (5.000000 , 1.000000)  (3.000000 , 5.000000)  Lengths:  (5.099020 , 5.099020)  (4.472136 , 4.472136)  (5.830952 , 5.830952)  Permieter: 15.402107 Area: 11.000000 numDots: 10
Coordinates:  (0.000000 , 0.000000)  (5.000000 , 1.000000)  (2.000000 , 5.000000)  Lengths:  (5.099020 , 5.099020)  (5.000000 , 5.000000)  (5.385165 , 5.385165)  Permieter: 15.484184 Area: 11.500000 numDots: 11
Coordinates:  (0.000000 , 0.000000)  (5.000000 , 2.000000)  (2.000000 , 6.000000)  Lengths:  (5.385165 , 5.385165)  (5.000000 , 5.000000)  (6.324555 , 6.324555)  Permieter: 16.709720 Area: 13.000000 numDots: 12
Coordinates:  (0.000000 , 0.000000)  (6.000000 , 1.000000)  (3.000000 , 5.000000)  Lengths:  (6.082763 , 6.082763)  (5.000000 , 5.000000)  (5.830952 , 5.830952)  Permieter: 16.913714 Area: 13.500000 numDots: 13
Coordinates:  (0.000000 , 0.000000)  (5.000000 , 1.000000)  (1.000000 , 6.000000)  Lengths:  (5.099020 , 5.099020)  (6.403124 , 6.403124)  (6.082763 , 6.082763)  Permieter: 17.584906 Area: 14.500000 numDots: 14
Coordinates:  (0.000000 , 0.000000)  (5.000000 , 4.000000)  (1.000000 , 7.000000)  Lengths:  (6.403124 , 6.403124)  (5.000000 , 5.000000)  (7.071068 , 7.071068)  Permieter: 18.474192 Area: 15.500000 numDots: 15
Coordinates:  (0.000000 , 0.000000)  (6.000000 , 1.000000)  (2.000000 , 6.000000)  Lengths:  (6.082763 , 6.082763)  (6.403124 , 6.403124)  (6.324555 , 6.324555)  Permieter: 18.810442 Area: 17.000000 numDots: 16
Coordinates:  (0.000000 , 0.000000)  (6.000000 , 2.000000)  (3.000000 , 7.000000)  Lengths:  (6.324555 , 6.324555)  (5.830952 , 5.830952)  (7.615773 , 7.615773)  Permieter: 19.771280 Area: 18.000000 numDots: 17
Coordinates:  (0.000000 , 0.000000)  (6.000000 , 2.000000)  (2.000000 , 7.000000)  Lengths:  (6.324555 , 6.324555)  (6.403124 , 6.403124)  (7.280110 , 7.280110)  Permieter: 20.007789 Area: 19.000000 numDots: 18
Coordinates:  (0.000000 , 0.000000)  (6.000000 , 1.000000)  (2.000000 , 7.000000)  Lengths:  (6.082763 , 6.082763)  (7.211103 , 7.211103)  (7.280110 , 7.280110)  Permieter: 20.573975 Area: 20.000000 numDots: 19
Coordinates:  (0.000000 , 0.000000)  (6.000000 , 1.000000)  (1.000000 , 7.000000)  Lengths:  (6.082763 , 6.082763)  (7.810250 , 7.810250)  (7.071068 , 7.071068)  Permieter: 20.964080 Area: 20.500000 numDots: 20
Coordinates:  (0.000000 , 0.000000)  (7.000000 , 2.000000)  (3.000000 , 7.000000)  Lengths:  (7.280110 , 7.280110)  (6.403124 , 6.403124)  (7.615773 , 7.615773)  Permieter: 21.299007 Area: 21.500000 numDots: 21
Coordinates:  (0.000000 , 0.000000)  (7.000000 , 1.000000)  (3.000000 , 7.000000)  Lengths:  (7.071068 , 7.071068)  (7.211103 , 7.211103)  (7.615773 , 7.615773)  Permieter: 21.897943 Area: 23.000000 numDots: 22
Coordinates:  (0.000000 , 0.000000)  (7.000000 , 1.000000)  (2.000000 , 7.000000)  Lengths:  (7.071068 , 7.071068)  (7.810250 , 7.810250)  (7.280110 , 7.280110)  Permieter: 22.161427 Area: 23.500000 numDots: 23
Coordinates:  (0.000000 , 0.000000)  (7.000000 , 2.000000)  (3.000000 , 8.000000)  Lengths:  (7.280110 , 7.280110)  (7.211103 , 7.211103)  (8.544004 , 8.544004)  Permieter: 23.035216 Area: 25.000000 numDots: 24
Coordinates:  (0.000000 , 0.000000)  (7.000000 , 4.000000)  (1.000000 , 8.000000)  Lengths:  (8.062258 , 8.062258)  (7.211103 , 7.211103)  (8.062258 , 8.062258)  Permieter: 23.335618 Area: 26.000000 numDots: 25
Coordinates:  (0.000000 , 0.000000)  (7.000000 , 3.000000)  (1.000000 , 8.000000)  Lengths:  (7.615773 , 7.615773)  (7.810250 , 7.810250)  (8.062258 , 8.062258)  Permieter: 23.488281 Area: 26.500000 numDots: 26
Coordinates:  (0.000000 , 0.000000)  (7.000000 , 1.000000)  (1.000000 , 8.000000)  Lengths:  (7.071068 , 7.071068)  (9.219544 , 9.219544)  (8.062258 , 8.062258)  Permieter: 24.352870 Area: 27.500000 numDots: 27
Coordinates:  (0.000000 , 0.000000)  (8.000000 , 2.000000)  (3.000000 , 8.000000)  Lengths:  (8.246211 , 8.246211)  (7.810250 , 7.810250)  (8.544004 , 8.544004)  Permieter: 24.600465 Area: 29.000000 numDots: 28
Coordinates:  (0.000000 , 0.000000)  (7.000000 , 4.000000)  (1.000000 , 9.000000)  Lengths:  (8.062258 , 8.062258)  (7.810250 , 7.810250)  (9.055385 , 9.055385)  Permieter: 24.927893 Area: 29.500000 numDots: 29
Coordinates:  (0.000000 , 0.000000)  (8.000000 , 1.000000)  (3.000000 , 8.000000)  Lengths:  (8.062258 , 8.062258)  (8.602325 , 8.602325)  (8.544004 , 8.544004)  Permieter: 25.208587 Area: 30.500000 numDots: 30
Coordinates:  (0.000000 , 0.000000)  (9.000000 , 4.000000)  (2.000000 , 8.000000)  Lengths:  (9.848858 , 9.848858)  (8.062258 , 8.062258)  (8.246211 , 8.246211)  Permieter: 26.157327 Area: 32.000000 numDots: 31
Coordinates:  (0.000000 , 0.000000)  (8.000000 , 4.000000)  (1.000000 , 9.000000)  Lengths:  (8.944272 , 8.944272)  (8.602325 , 8.602325)  (9.055385 , 9.055385)  Permieter: 26.601982 Area: 34.000000 numDots: 32
Coordinates:  (0.000000 , 0.000000)  (8.000000 , 5.000000)  (1.000000 , 9.000000)  Lengths:  (9.433981 , 9.433981)  (8.062258 , 8.062258)  (9.055385 , 9.055385)  Permieter: 26.551624 Area: 33.500000 numDots: 33
Coordinates:  (0.000000 , 0.000000)  (8.000000 , 3.000000)  (1.000000 , 9.000000)  Lengths:  (8.544004 , 8.544004)  (9.219544 , 9.219544)  (9.055385 , 9.055385)  Permieter: 26.818933 Area: 34.500000 numDots: 34
Coordinates:  (0.000000 , 0.000000)  (9.000000 , 2.000000)  (5.000000 , 9.000000)  Lengths:  (9.219544 , 9.219544)  (8.062258 , 8.062258)  (10.295630 , 10.295630)  Permieter: 27.577432 Area: 35.500000 numDots: 35
Coordinates:  (0.000000 , 0.000000)  (9.000000 , 2.000000)  (4.000000 , 9.000000)  Lengths:  (9.219544 , 9.219544)  (8.602325 , 8.602325)  (9.848858 , 9.848858)  Permieter: 27.670728 Area: 36.500000 numDots: 36
Coordinates:  (0.000000 , 0.000000)  (9.000000 , 1.000000)  (3.000000 , 9.000000)  Lengths:  (9.055385 , 9.055385)  (10.000000 , 10.000000)  (9.486833 , 9.486833)  Permieter: 28.542218 Area: 39.000000 numDots: 37
Coordinates:  (0.000000 , 0.000000)  (9.000000 , 1.000000)  (4.000000 , 9.000000)  Lengths:  (9.055385 , 9.055385)  (9.433981 , 9.433981)  (9.848858 , 9.848858)  Permieter: 28.338224 Area: 38.500000 numDots: 38
Coordinates:  (0.000000 , 0.000000)  (9.000000 , 1.000000)  (2.000000 , 9.000000)  Lengths:  (9.055385 , 9.055385)  (10.630146 , 10.630146)  (9.219544 , 9.219544)  Permieter: 28.905075 Area: 39.500000 numDots: 39
PROGRAM FINISHED IN 0 MINUTES
2965 TRIANGLES INDEXED